Vertex Count: 150

Data:

4.8768 2.0447 14.7635 1.4375 -2.92957 0 1 -0
4.8768 2.0447 19.9837 1.4375 -5.07043 0 1 -0
5.00971 2.0447 14.7548 1.49201 -2.926 0 1 -0
5.00971 2.0447 19.9924 1.49201 -5.074 0 1 -0
5.00971 2.0447 14.7548 1.49201 -2.926 0 1 -0
4.8768 2.0447 19.9837 1.4375 -5.07043 0 1 -0
5.43994 2.0447 14.6692 1.66845 -2.89091 0 1 -0
5.00971 2.0447 14.7548 1.49201 -2.926 0 1 -0
5.00971 2.0447 19.9924 1.49201 -5.074 0 1 -0
5.43994 2.0447 20.078 1.66845 -5.10909 0 1 -0
5.43994 2.0447 14.6692 1.66845 -2.89091 0 1 -0
5.00971 2.0447 19.9924 1.49201 -5.074 0 1 -0
5.85531 2.0447 20.219 1.83879 -5.16692 0 1 -0
5.43994 2.0447 14.6692 1.66845 -2.89091 0 1 -0
5.43994 2.0447 20.078 1.66845 -5.10909 0 1 -0
5.85531 2.0447 14.5282 1.83879 -2.83308 0 1 -0
5.43994 2.0447 14.6692 1.66845 -2.89091 0 1 -0
5.85531 2.0447 20.219 1.83879 -5.16692 0 1 -0
6.24873 2.0447 14.3342 2.00013 -2.75352 0 1 -0
5.85531 2.0447 14.5282 1.83879 -2.83308 0 1 -0
5.85531 2.0447 20.219 1.83879 -5.16692 0 1 -0
6.24873 2.0447 20.413 2.00013 -5.24648 0 1 -0
6.24873 2.0447 14.3342 2.00013 -2.75352 0 1 -0
5.85531 2.0447 20.219 1.83879 -5.16692 0 1 -0
6.61345 2.0447 14.0905 2.14971 -2.65357 0 1 -0
6.24873 2.0447 14.3342 2.00013 -2.75352 0 1 -0
6.24873 2.0447 20.413 2.00013 -5.24648 0 1 -0
6.61345 2.0447 20.6567 2.14971 -5.34643 0 1 -0
6.61345 2.0447 14.0905 2.14971 -2.65357 0 1 -0
6.24873 2.0447 20.413 2.00013 -5.24648 0 1 -0
6.94325 2.0447 13.8013 2.28496 -2.53496 0 1 -0
6.61345 2.0447 14.0905 2.14971 -2.65357 0 1 -0
6.61345 2.0447 20.6567 2.14971 -5.34643 0 1 -0
6.94325 2.0447 20.9459 2.28496 -5.46504 0 1 -0
6.94325 2.0447 13.8013 2.28496 -2.53496 0 1 -0
6.61345 2.0447 20.6567 2.14971 -5.34643 0 1 -0
7.23247 2.0447 13.4715 2.40357 -2.39971 0 1 -0
6.94325 2.0447 13.8013 2.28496 -2.53496 0 1 -0
6.94325 2.0447 20.9459 2.28496 -5.46504 0 1 -0
7.23247 2.0447 21.2757 2.40357 -5.60029 0 1 -0
7.23247 2.0447 13.4715 2.40357 -2.39971 0 1 -0
6.94325 2.0447 20.9459 2.28496 -5.46504 0 1 -0
7.47618 2.0447 13.1067 2.50352 -2.25013 0 1 -0
7.23247 2.0447 13.4715 2.40357 -2.39971 0 1 -0
7.23247 2.0447 21.2757 2.40357 -5.60029 0 1 -0
7.47618 2.0447 21.6405 2.50352 -5.74987 0 1 -0
7.47618 2.0447 13.1067 2.50352 -2.25013 0 1 -0
7.23247 2.0447 21.2757 2.40357 -5.60029 0 1 -0
7.67019 2.0447 12.7133 2.58308 -2.08879 0 1 -0
7.47618 2.0447 13.1067 2.50352 -2.25013 0 1 -0
7.47618 2.0447 21.6405 2.50352 -5.74987 0 1 -0
7.67019 2.0447 22.0339 2.58308 -5.91121 0 1 -0
7.67019 2.0447 12.7133 2.58308 -2.08879 0 1 -0
7.47618 2.0447 21.6405 2.50352 -5.74987 0 1 -0
7.81119 2.0447 12.2979 2.64091 -1.91845 0 1 -0
7.67019 2.0447 12.7133 2.58308 -2.08879 0 1 -0
7.67019 2.0447 22.0339 2.58308 -5.91121 0 1 -0
7.81119 2.0447 22.4493 2.64091 -6.08155 0 1 -0
7.81119 2.0447 12.2979 2.64091 -1.91845 0 1 -0
7.67019 2.0447 22.0339 2.58308 -5.91121 0 1 -0
7.89677 2.0447 22.8795 2.676 -6.25799 0 1 -0
7.81119 2.0447 12.2979 2.64091 -1.91845 0 1 -0
7.81119 2.0447 22.4493 2.64091 -6.08155 0 1 -0
7.89677 2.0447 11.8677 2.676 -1.74201 0 1 -0
7.81119 2.0447 12.2979 2.64091 -1.91845 0 1 -0
7.89677 2.0447 22.8795 2.676 -6.25799 0 1 -0
7.90548 2.0447 11.7348 2.67957 -1.6875 0 1 -0
7.89677 2.0447 11.8677 2.676 -1.74201 0 1 -0
7.89677 2.0447 22.8795 2.676 -6.25799 0 1 -0
7.90548 2.0447 23.0124 2.67957 -6.3125 0 1 -0
7.90548 2.0447 11.7348 2.67957 -1.6875 0 1 -0
7.89677 2.0447 22.8795 2.676 -6.25799 0 1 -0
14.6497 2.0447 11.7348 5.44543 -1.6875 0 1 -0
7.90548 2.0447 11.7348 2.67957 -1.6875 0 1 -0
7.90548 2.0447 23.0124 2.67957 -6.3125 0 1 -0
14.6497 2.0447 23.0124 5.44543 -6.3125 0 1 -0
14.6497 2.0447 11.7348 5.44543 -1.6875 0 1 -0
7.90548 2.0447 23.0124 2.67957 -6.3125 0 1 -0
14.6584 2.0447 11.8677 5.449 -1.74201 0 1 -0
14.6497 2.0447 11.7348 5.44543 -1.6875 0 1 -0
14.6497 2.0447 23.0124 5.44543 -6.3125 0 1 -0
14.6584 2.0447 22.8795 5.449 -6.25799 0 1 -0
14.6584 2.0447 11.8677 5.449 -1.74201 0 1 -0
14.6497 2.0447 23.0124 5.44543 -6.3125 0 1 -0
14.744 2.0447 12.2979 5.48409 -1.91845 0 1 -0
14.6584 2.0447 11.8677 5.449 -1.74201 0 1 -0
14.6584 2.0447 22.8795 5.449 -6.25799 0 1 -0
14.744 2.0447 22.4493 5.48409 -6.08155 0 1 -0
14.744 2.0447 12.2979 5.48409 -1.91845 0 1 -0
14.6584 2.0447 22.8795 5.449 -6.25799 0 1 -0
14.885 2.0447 12.7133 5.54192 -2.08879 0 1 -0
14.744 2.0447 12.2979 5.48409 -1.91845 0 1 -0
14.744 2.0447 22.4493 5.48409 -6.08155 0 1 -0
14.885 2.0447 22.0339 5.54192 -5.91121 0 1 -0
14.885 2.0447 12.7133 5.54192 -2.08879 0 1 -0
14.744 2.0447 22.4493 5.48409 -6.08155 0 1 -0
15.079 2.0447 21.6405 5.62148 -5.74987 0 1 -0
14.885 2.0447 12.7133 5.54192 -2.08879 0 1 -0
14.885 2.0447 22.0339 5.54192 -5.91121 0 1 -0
15.079 2.0447 13.1067 5.62148 -2.25013 0 1 -0
14.885 2.0447 12.7133 5.54192 -2.08879 0 1 -0
15.079 2.0447 21.6405 5.62148 -5.74987 0 1 -0
15.3227 2.0447 13.4715 5.72143 -2.39971 0 1 -0
15.079 2.0447 13.1067 5.62148 -2.25013 0 1 -0
15.079 2.0447 21.6405 5.62148 -5.74987 0 1 -0
15.3227 2.0447 21.2757 5.72143 -5.60029 0 1 -0
15.3227 2.0447 13.4715 5.72143 -2.39971 0 1 -0
15.079 2.0447 21.6405 5.62148 -5.74987 0 1 -0
15.6119 2.0447 20.9459 5.84004 -5.46504 0 1 -0
15.3227 2.0447 13.4715 5.72143 -2.39971 0 1 -0
15.3227 2.0447 21.2757 5.72143 -5.60029 0 1 -0
15.6119 2.0447 13.8013 5.84004 -2.53496 0 1 -0
15.3227 2.0447 13.4715 5.72143 -2.39971 0 1 -0
15.6119 2.0447 20.9459 5.84004 -5.46504 0 1 -0
15.9417 2.0447 14.0905 5.97529 -2.65357 0 1 -0
15.6119 2.0447 13.8013 5.84004 -2.53496 0 1 -0
15.6119 2.0447 20.9459 5.84004 -5.46504 0 1 -0
15.9417 2.0447 20.6567 5.97529 -5.34643 0 1 -0
15.9417 2.0447 14.0905 5.97529 -2.65357 0 1 -0
15.6119 2.0447 20.9459 5.84004 -5.46504 0 1 -0
16.3065 2.0447 14.3342 6.12487 -2.75352 0 1 -0
15.9417 2.0447 14.0905 5.97529 -2.65357 0 1 -0
15.9417 2.0447 20.6567 5.97529 -5.34643 0 1 -0
16.3065 2.0447 20.413 6.12487 -5.24648 0 1 -0
16.3065 2.0447 14.3342 6.12487 -2.75352 0 1 -0
15.9417 2.0447 20.6567 5.97529 -5.34643 0 1 -0
16.6999 2.0447 20.219 6.28621 -5.16692 0 1 -0
16.3065 2.0447 14.3342 6.12487 -2.75352 0 1 -0
16.3065 2.0447 20.413 6.12487 -5.24648 0 1 -0
16.6999 2.0447 14.5282 6.28621 -2.83308 0 1 -0
16.3065 2.0447 14.3342 6.12487 -2.75352 0 1 -0
16.6999 2.0447 20.219 6.28621 -5.16692 0 1 -0
17.1153 2.0447 14.6692 6.45655 -2.89091 0 1 -0
16.6999 2.0447 14.5282 6.28621 -2.83308 0 1 -0
16.6999 2.0447 20.219 6.28621 -5.16692 0 1 -0
17.1153 2.0447 20.078 6.45655 -5.10909 0 1 -0
17.1153 2.0447 14.6692 6.45655 -2.89091 0 1 -0
16.6999 2.0447 20.219 6.28621 -5.16692 0 1 -0
17.5455 2.0447 14.7548 6.63299 -2.926 0 1 -0
17.1153 2.0447 14.6692 6.45655 -2.89091 0 1 -0
17.1153 2.0447 20.078 6.45655 -5.10909 0 1 -0
17.5455 2.0447 19.9924 6.63299 -5.074 0 1 -0
17.5455 2.0447 14.7548 6.63299 -2.926 0 1 -0
17.1153 2.0447 20.078 6.45655 -5.10909 0 1 -0
17.6784 2.0447 14.7635 6.6875 -2.92957 0 1 -0
17.5455 2.0447 14.7548 6.63299 -2.926 0 1 -0
17.5455 2.0447 19.9924 6.63299 -5.074 0 1 -0
17.6784 2.0447 19.9837 6.6875 -5.07043 0 1 -0
17.6784 2.0447 14.7635 6.6875 -2.92957 0 1 -0
17.5455 2.0447 19.9924 6.63299 -5.074 0 1 -0
